01 01 00 00 13 88 00 00 03 00 00 00 00 00 00 00
03 00 00 00 03 E8 00 00 00 00 00 00 00 00 00 00
02 01 00 00 03 E8 00 00 72 C7 00 00 00 00 00 00
08 00 00 00 8C A0 00 63 00 00 00 00 00 00 00 00
02 01 00 00 03 E8 00 00 72 C7 00 00 00 00 00 00
08 00 00 00 8C A0 00 63 00 00 00 00 00 00 00 00
02 01 00 00 03 E8 00 00 72 C7 00 00 00 00 00 00
08 00 00 00 8C A0 00 63 00 00 00 00 00 00 00 00
02 01 00 00 03 E8 00 00 72 C7 00 00 00 00 00 00
08 00 00 00 8C A0 00 63 00 00 00 00 00 00 00 00
02 01 00 00 03 E8 00 00 72 C7 00 00 00 00 00 00
08 00 00 00 8C A0 00 63 00 00 00 00 00 00 00 00
02 01 00 00 03 E8 00 00 72 C7 00 00 00 00 00 00
08 00 00 00 8C A0 00 63 00 00 00 00 00 00 00 00
02 01 00 00 03 E8 00 00 72 C7 00 00 00 00 00 00
08 00 00 00 8C A0 00 63 00 00 00 00 00 00 00 00
02 01 00 00 03 E8 00 00 72 C7 00 00 00 00 00 00
08 00 00 00 8C A0 00 63 00 00 00 00 00 00 00 00
02 01 00 00 03 E8 00 00 72 C7 00 00 00 00 00 00
08 00 00 00 8C A0 00 63 00 00 00 00 00 00 00 00
02 01 00 00 03 E8 00 00 72 C7 00 00 00 00 00 00
08 00 00 00 8C A0 00 63 00 00 00 00 00 00 00 00
02 01 00 00 03 E8 00 00 72 C7 00 00 00 00 00 00
08 00 00 00 8C A0 00 63 00 00 00 00 00 00 00 00
02 01 00 00 03 E8 00 00 72 C7 00 00 00 00 00 00
02 01 00 00 03 E8 00 90 72 C1 00 00 00 00 00 00
02 01 00 00 03 E8 00 90 72 C1 00 00 00 00 00 00
08 00 00 00 8C A0 00 63 00 00 00 00 00 00 00 00
02 01 00 00 03 E8 00 00 72 C7 00 00 00 00 00 00
08 00 00 00 8C A0 00 63 00 00 00 00 00 00 00 00
02 01 00 00 03 E8 00 00 72 C7 00 00 00 00 00 00
02 01 00 00 03 E8 00 90 72 C1 00 00 00 00 00 00
02 01 00 00 03 E8 00 90 72 C1 00 00 00 00 00 00
02 01 00 00 03 E8 00 90 72 C1 00 00 00 00 00 00
02 01 00 00 03 E8 00 90 00 00 00 00 00 00 00 00
02 01 00 00 03 E8 00 00 62 C8 69 00 00 69 00 00
00 00 00 00 00 00 00 00 DE AD 00 00 00 00 DE AD
08 00 00 00 00 01 00 0D 00 00 00 00 00 00 00 00
08 00 00 00 00 01 00 0E 00 00 00 00 00 00 00 00
02 01 00 00 03 E8 00 90 72 C1 00 00 00 00 00 00
02 01 00 00 03 E8 00 90 72 C1 00 00 00 00 00 00
08 00 00 00 00 01 00 01 00 00 00 00 00 00 00 00
08 00 00 00 00 01 00 02 00 00 00 00 00 00 00 00
08 00 00 00 00 01 00 03 00 00 00 00 00 00 00 00
08 00 00 00 00 01 00 04 00 00 00 00 00 00 00 00
08 00 00 00 00 01 00 05 00 00 00 00 00 00 00 00
08 00 00 00 00 01 00 06 00 00 00 00 00 00 00 00
08 00 00 00 00 01 00 07 00 00 00 00 00 00 00 00
08 00 00 00 00 01 00 08 00 00 00 00 00 00 00 00
08 00 00 00 00 01 00 09 00 00 00 00 00 00 00 00
08 00 00 00 00 01 00 0A 00 00 00 00 00 00 00 00
08 00 00 00 00 01 00 0B 00 00 00 00 00 00 00 00
08 00 00 00 00 01 00 0C 00 00 00 00 00 00 00 00
08 00 00 00 00 01 00 0D 00 00 00 00 00 00 00 00
08 00 00 00 00 01 00 0E 00 00 00 00 00 00 00 00
08 00 00 00 00 01 00 0F 00 00 00 00 00 00 00 00
01 01 00 00 13 88 00 00 03 00 00 00 00 00 00 00
03 00 00 00 03 E8 00 00 00 00 00 00 00 00 00 00
02 01 00 00 03 E8 00 00 72 C7 00 00 00 00 00 00
08 00 00 00 8C A0 00 63 00 00 00 00 00 00 00 00
02 01 00 00 03 E8 00 00 72 C7 00 00 00 00 00 00
08 00 00 00 8C A0 00 63 00 00 00 00 00 00 00 00
02 01 00 00 03 E8 00 00 72 C7 00 00 00 00 00 00
08 00 00 00 8C A0 00 63 00 00 00 00 00 00 00 00
02 01 00 00 03 E8 00 00 72 C7 00 00 00 00 00 00
08 00 00 00 8C A0 00 63 00 00 00 00 00 00 00 00
02 01 00 00 03 E8 00 00 72 C7 00 00 00 00 00 00
08 00 00 00 8C A0 00 63 00 00 00 00 00 00 00 00
02 01 00 00 03 E8 00 00 72 C7 00 00 00 00 00 00
08 00 00 00 8C A0 00 63 00 00 00 00 00 00 00 00
02 01 00 00 03 E8 00 00 72 C7 00 00 00 00 00 00
08 00 00 00 8C A0 00 63 00 00 00 00 00 00 00 00
02 01 00 00 03 E8 00 00 72 C7 00 00 00 00 00 00
08 00 00 00 8C A0 00 63 00 00 00 00 00 00 00 00
02 01 00 00 03 E8 00 00 72 C7 00 00 00 00 00 00
08 00 00 00 8C A0 00 63 00 00 00 00 00 00 00 00
02 01 00 00 03 E8 00 00 72 C7 00 00 00 00 00 00
08 00 00 00 8C A0 00 63 00 00 00 00 00 00 00 00
02 01 00 00 03 E8 00 00 72 C7 00 00 00 00 00 00
08 00 00 00 8C A0 00 63 00 00 00 00 00 00 00 00
02 01 00 00 03 E8 00 00 72 C7 00 00 00 00 00 00
02 01 00 00 03 E8 00 90 72 C1 00 00 00 00 00 00
02 01 00 00 03 E8 00 90 72 C1 00 00 00 00 00 00
08 00 00 00 8C A0 00 63 00 00 00 00 00 00 00 00
02 01 00 00 03 E8 00 00 72 C7 00 00 00 00 00 00
08 00 00 00 8C A0 00 63 00 00 00 00 00 00 00 00
02 01 00 00 03 E8 00 00 72 C7 00 00 00 00 00 00
02 01 00 00 03 E8 00 90 72 C1 00 00 00 00 00 00
02 01 00 00 03 E8 00 90 72 C1 00 00 00 00 00 00
02 01 00 00 03 E8 00 90 72 C1 00 00 00 00 00 00
02 01 00 00 03 E8 00 90 00 00 00 00 00 00 00 00
02 01 00 00 03 E8 00 00 62 C8 69 00 00 69 00 00
00 00 00 00 00 00 00 00 DE AD 00 00 00 00 DE AD
08 00 00 00 00 01 00 0D 00 00 00 00 00 00 00 00
08 00 00 00 00 01 00 0E 00 00 00 00 00 00 00 00
02 01 00 00 03 E8 00 90 72 C1 00 00 00 00 00 00
02 01 00 00 03 E8 00 90 72 C1 00 00 00 00 00 00
08 00 00 00 00 01 00 01 00 00 00 00 00 00 00 00
08 00 00 00 00 01 00 02 00 00 00 00 00 00 00 00
08 00 00 00 00 01 00 03 00 00 00 00 00 00 00 00
08 00 00 00 00 01 00 04 00 00 00 00 00 00 00 00
08 00 00 00 00 01 00 05 00 00 00 00 00 00 00 00
08 00 00 00 00 01 00 06 00 00 00 00 00 00 00 00
08 00 00 00 00 01 00 07 00 00 00 00 00 00 00 00
