01 01 00 00 13 88 00 00 03 00 00 00 00 00 00 00
03 00 00 00 03 E8 00 00 00 00 00 00 00 00 00 00
02 01 00 00 03 E8 00 00 72 C7 00 00 00 00 00 00
08 00 00 00 8C A0 00 63 00 00 00 00 00 00 00 00
02 01 00 00 03 E8 00 00 72 C7 00 00 00 00 00 00
02 01 00 00 03 E8 00 63 72 C1 00 00 00 00 00 00
08 00 00 00 8C A0 00 63 00 00 00 00 00 00 00 00
02 01 00 00 03 E8 00 00 72 C7 00 00 00 00 00 00
01 01 00 00 13 88 00 00 03 00 00 00 00 00 00 00
03 00 00 00 03 E8 00 00 00 00 00 00 00 00 00 00
02 01 00 00 03 E8 00 00 72 C7 00 00 00 00 00 00
08 00 00 00 8C A0 00 63 00 00 00 00 00 00 00 00
02 01 00 00 03 E8 00 00 72 C7 00 00 00 00 00 00
02 01 00 00 03 E8 00 63 72 C1 00 00 00 00 00 00
08 00 00 00 8C A0 00 63 00 00 00 00 00 00 00 00
02 01 00 00 03 E8 00 00 72 C7 00 00 00 00 00 00
02 01 00 00 03 E8 00 63 72 C1 00 00 00 00 00 00
02 01 00 00 03 E8 00 00 62 C8 69 00 00 69 00 00
00 00 00 00 75 30 00 00 DE AD 00 00 00 00 DE AD
00 00 00 00 00 00 00 00 00 00 00 00 00 00 00 00
00 00 00 00 00 00 00 00 00 00 00 00 00 00 00 00
00 00 00 00 00 00 00 00 00 00 00 00 00 00 00 00
00 00 00 00 00 00 00 00 00 00 00 00 00 00 00 00
00 00 00 00 00 00 00 00 00 00 00 00 00 00 00 00
01 01 00 00 13 88 00 00 03 00 00 00 00 00 00 00
03 00 00 00 03 E8 00 00 00 00 00 00 00 00 00 00
02 01 00 00 03 E8 00 00 72 C7 00 00 00 00 00 00
08 00 00 00 8C A0 00 63 00 00 00 00 00 00 00 00
02 01 00 00 03 E8 00 00 72 C7 00 00 00 00 00 00
02 01 00 00 03 E8 00 63 72 C1 00 00 00 00 00 00
08 00 00 00 8C A0 00 63 00 00 00 00 00 00 00 00
02 01 00 00 03 E8 00 00 72 C7 00 00 00 00 00 00
02 01 00 00 03 E8 00 63 72 C1 00 00 00 00 00 00
02 01 00 00 03 E8 00 00 62 C8 69 00 00 69 00 00
00 00 00 00 75 30 00 00 DE AD 00 00 00 00 DE AD
00 00 00 00 00 00 00 00 00 00 00 00 00 00 00 00
00 00 00 00 00 00 00 00 00 00 00 00 00 00 00 00
00 00 00 00 00 00 00 00 00 00 00 00 00 00 00 00
00 00 00 00 00 00 00 00 00 00 00 00 00 00 00 00
00 00 00 00 00 00 00 00 00 00 00 00 00 00 00 00
02 01 00 00 03 E8 01 8F 72 C1 00 00 00 00 00 00
02 01 00 00 03 E8 01 8F 72 C1 00 00 00 00 00 00
02 01 00 00 03 E8 01 8F 72 C1 00 00 00 00 00 00
02 01 00 00 03 E8 01 8F 72 C1 00 00 00 00 00 00
02 01 00 00 03 E8 01 8F 72 C1 00 00 00 00 00 00
02 01 00 00 03 E8 01 8F 72 C1 00 00 00 00 00 00
02 01 00 00 03 E8 01 8F 72 C1 00 00 00 00 00 00
02 01 00 00 03 E8 01 8F 72 C1 00 00 00 00 00 00
01 01 00 00 13 88 00 00 03 00 00 00 00 00 00 00
03 00 00 00 03 E8 00 00 00 00 00 00 00 00 00 00
02 01 00 00 03 E8 00 00 72 C7 00 00 00 00 00 00
08 00 00 00 8C A0 00 63 00 00 00 00 00 00 00 00
02 01 00 00 03 E8 00 00 72 C7 00 00 00 00 00 00
02 01 00 00 03 E8 00 63 72 C1 00 00 00 00 00 00
08 00 00 00 8C A0 00 63 00 00 00 00 00 00 00 00
02 01 00 00 03 E8 00 00 72 C7 00 00 00 00 00 00
02 01 00 00 03 E8 00 63 72 C1 00 00 00 00 00 00
02 01 00 00 03 E8 00 00 62 C8 69 00 00 69 00 00
00 00 00 00 75 30 00 00 DE AD 00 00 00 00 DE AD
00 00 00 00 00 00 00 00 00 00 00 00 00 00 00 00
00 00 00 00 00 00 00 00 00 00 00 00 00 00 00 00
00 00 00 00 00 00 00 00 00 00 00 00 00 00 00 00
00 00 00 00 00 00 00 00 00 00 00 00 00 00 00 00
00 00 00 00 00 00 00 00 00 00 00 00 00 00 00 00
02 01 00 00 03 E8 01 8F 72 C1 00 00 00 00 00 00
02 01 00 00 03 E8 01 8F 72 C1 00 00 00 00 00 00
02 01 00 00 03 E8 01 8F 72 C1 00 00 00 00 00 00
02 01 00 00 03 E8 01 8F 72 C1 00 00 00 00 00 00
02 01 00 00 03 E8 01 8F 72 C1 00 00 00 00 00 00
02 01 00 00 03 E8 01 8F 72 C1 00 00 00 00 00 00
02 01 00 00 03 E8 01 8F 72 C1 00 00 00 00 00 00
02 01 00 00 03 E8 01 8F 72 C1 00 00 00 00 00 00
02 01 00 00 03 E8 01 8F 72 C1 00 00 00 00 00 00
02 01 00 00 03 E8 00 00 62 C8 69 00 00 69 00 00
00 00 00 00 75 30 00 00 DE AD 00 00 00 00 DE AD
00 00 00 00 00 00 00 00 00 00 00 00 00 00 00 00
00 00 00 00 00 00 00 00 00 00 00 00 00 00 00 00
00 00 00 00 00 00 00 00 00 00 00 00 00 00 00 00
00 00 00 00 00 00 00 00 00 00 00 00 00 00 00 00
00 00 00 00 00 00 00 00 00 00 00 00 00 00 00 00
01 01 00 00 13 88 00 00 03 00 00 00 00 00 00 00
03 00 00 00 03 E8 00 00 00 00 00 00 00 00 00 00
02 01 00 00 03 E8 00 00 72 C7 00 00 00 00 00 00
08 00 00 00 8C A0 00 63 00 00 00 00 00 00 00 00
02 01 00 00 03 E8 00 00 72 C7 00 00 00 00 00 00
02 01 00 00 03 E8 00 63 72 C1 00 00 00 00 00 00
08 00 00 00 8C A0 00 63 00 00 00 00 00 00 00 00
02 01 00 00 03 E8 00 00 72 C7 00 00 00 00 00 00
02 01 00 00 03 E8 00 63 72 C1 00 00 00 00 00 00
02 01 00 00 03 E8 00 00 62 C8 69 00 00 69 00 00
00 00 00 00 75 30 00 00 DE AD 00 00 00 00 DE AD
00 00 00 00 00 00 00 00 00 00 00 00 00 00 00 00
00 00 00 00 00 00 00 00 00 00 00 00 00 00 00 00
00 00 00 00 00 00 00 00 00 00 00 00 00 00 00 00
00 00 00 00 00 00 00 00 00 00 00 00 00 00 00 00
00 00 00 00 00 00 00 00 00 00 00 00 00 00 00 00
02 01 00 00 03 E8 01 8F 72 C1 00 00 00 00 00 00
02 01 00 00 03 E8 01 8F 72 C1 00 00 00 00 00 00
02 01 00 00 03 E8 01 8F 72 C1 00 00 00 00 00 00
02 01 00 00 03 E8 01 8F 72 C1 00 00 00 00 00 00
02 01 00 00 03 E8 01 8F 72 C1 00 00 00 00 00 00
02 01 00 00 03 E8 01 8F 72 C1 00 00 00 00 00 00
02 01 00 00 03 E8 01 8F 72 C1 00 00 00 00 00 00
02 01 00 00 03 E8 01 8F 72 C1 00 00 00 00 00 00
02 01 00 00 03 E8 01 8F 72 C1 00 00 00 00 00 00
02 01 00 00 03 E8 00 00 62 C8 69 00 00 69 00 00
00 00 00 00 75 30 00 00 DE AD 00 00 00 00 DE AD
00 00 00 00 00 00 00 00 00 00 00 00 00 00 00 00
00 00 00 00 00 00 00 00 00 00 00 00 00 00 00 00
00 00 00 00 00 00 00 00 00 00 00 00 00 00 00 00
00 00 00 00 00 00 00 00 00 00 00 00 00 00 00 00
00 00 00 00 00 00 00 00 00 00 00 00 00 00 00 00
02 01 00 00 03 E8 00 00 72 C7 00 00 00 00 00 00
02 01 00 00 03 E8 00 90 72 C1 00 00 00 00 00 00
02 01 00 00 03 E8 00 90 72 C1 00 00 00 00 00 00
08 00 00 00 8C A0 00 63 00 00 00 00 00 00 00 00
02 01 00 00 03 E8 00 00 72 C7 00 00 00 00 00 00
08 00 00 00 8C A0 00 63 00 00 00 00 00 00 00 00
02 01 00 00 03 E8 00 00 72 C7 00 00 00 00 00 00
02 01 00 00 03 E8 00 90 72 C1 00 00 00 00 00 00
